0.8085627367096953 0.6130270311046049 1
0.48391325146951414 -0.02178401116011508 1
-0.08853218529582607 -0.3736722470274427 -1
-0.507649327445808 -0.14435019743389121 -1
-0.21561893805141552 -0.9013336737926594 -1
-0.09128974952722668 0.3385843421944208 1
-0.0284215629892417 -0.08947552222652178 -1
-0.14980806240121436 0.6950837839728783 1
0.7316322629398504 0.6177228021028698 1
-0.976365526389458 0.6389454201420874 1
0.657891266805827 -0.7352782509377556 -1
-0.23689231077141892 -0.0636078410579286 -1
0.4794859368549711 0.48378559996480264 1
-0.6812578582125064 -0.9021903134895797 -1
0.8950364678490164 -0.23997143637420137 -1
-0.5945339180960556 0.40906373266191776 1
-0.7372810115572428 -0.18868730545365597 -1
0.9213826001062377 0.9958406881732289 1
-0.38829142645210113 -0.4787512442985977 -1
0.08667991650924245 -0.5931206897218888 -1
0.8241142811395139 -0.7558318120915146 -1
-0.9060701929797221 0.3119179820555389 1
-0.9362911413330428 0.5616090739420883 1
-0.1815235680971914 0.4377251928749055 1
-0.09107110225663306 0.8078406727417042 1
-0.2831800707864123 0.7428931044093401 1
0.18020144164112906 -0.5450195274610499 -1
0.8175912000940067 0.6013211325281613 1
-0.20755044756823282 0.46419286791682657 1
0.8397341012419675 -0.16287938357681053 -1
-0.28811196626706614 -0.6578975972292973 -1
-0.9045545641930823 0.049707368405003116 1
-0.3644549018417822 0.36439536466030287 1
0.35077858596538314 0.7306837833881366 1
0.2638950954346846 0.08532355069665232 1
-0.8601207174902243 0.31840856389322125 1
0.5057036671405148 -0.7142288594581976 -1
-0.8811090292788499 0.8551908953750085 1
-0.09758554616465287 0.24032952408579478 1
0.01628864417248277 -0.7329361256153939 -1
0.9717196004852202 -0.5440004224618686 -1
0.1555202826871962 0.6886650237769543 1
-0.7472987634475692 -0.88384621465905 -1
-0.9356987312487439 -0.9728681197850197 -1
-0.7309125351549826 0.4477060965473134 1
0.389092838136047 0.545745712850918 1
0.7828447388376012 0.6259092060479254 1
-0.268419962366526 0.5500869965496415 1
0.1233351318025675 -0.19622779220851982 -1
0.7741731441786941 0.4446387560053382 1
